0111111000
0111111000
0111111100
0111111000
1111111011
0111111100
0111111000
0111111100
0111111100
0111111110
0111111111
0111111110
0111111111
0111111000
0111111001
0010100000
1000000000
1010010000
0111111011
0111111110
0010000000
0010000000
0010000000
0010000000
0010000000
0110000000
0100000000
0100000000
0110000000
0100000000
0010000000
0010000000
0010000000
0010000000
0010000000
0010000000
0010000000
0010000000
0000100000
0010000000
0010110000
0010000000
0010000000
0010010000
0010000000
0010000000
0010000000
0010100000
0010000000
0010000001
0010000000
0010110000
0010000000
0010000000
0010000000
0010000000
0010010000
0010000000
0010000000
0010000000
0010001000
0010000000
0010100000
0000100000
0010000000
0010011000
0010000000
0010000000
0010100000
0010000000
0010000000
0010100000
0010000000
0010000000
0010010000
0010000000
0010001000
0010000000
0010000000
0010010000
0010000000
0010000000
0010000000
0010000000
0010100000
0010000000
0010000000
0010100000
0010000000
0010000000
0010000000
0010000000
0010000000
0010000000
0010000000
0010000000
0010000000
0010000000
0010000000
0010000000
0010000000
0010100000
0010000000
0010000000
0010000000
0010010000
0010100000
0010000000
0010000000
0010000000
0010000000
0010100000
0010000000
0010100000
0010000000
0010000000
0010000000
0010000000
0010000000
0010000000
0010000000
0010000000
0010000000
0010000000
0010000000
0010000000
0010000000
0010110000
0010000000
0010110000
0010000000
0010000000
0010000000
0010000000
0010000000
0010000000
0010110000
0010000000
0010000000
0010000000
0010010000
0010000000
0010000000
0010000000
0010000000
0010000000
0010000000
0010000000
0010000000
0010000000
0010010000
0010000000
0010100000
0010001000
0010000000
0010100000
0010000000
0010000000
0010000000
0010000000
0010000000
0010000000
0010010000
0010000000
0010000000
0010000000
0010000000
0010000000
0010100000
0010000000
0010000000
0010000000
0010000000
0010000000
0010000000
0010000000
0010000000
0010000000
0010000000
0010000000
0010000000
0010000000
0010000000
0010000000
0010000000
0010010000
0010000000
0010000000
0010000000
0010000000
0010000000
0010000000
0010000000
0010000000
0010000000
0010000000
0010000000
0010000000
0010000000
0010000000
0010000000
0010000000
0010000000
0010000000
0010000000
0010000000
0010000000
0010000000
0010000000
0010000000
0010000000
0010000000
0010000000
0010010000
0010000000
0010000000
0010000000
0000100000
0010000000
0010000000
0010000000
0010100000
0010000000
0010000000
0010000000
0010000000
0010100000
0010000000
0010000000
0010000000
0010000000
0010000000
0010000000
0010000000
0010100000
0010010000
0010000000
0010000000
0010000000
0010000000
0010000000
0010000000
0010000000
0000000001
0010000000
0010000000
0010000000
0010100000
0010000000
0000100000
0010000000
0010000000
0010000000
0010000000
0010000000
0010000000
0010000000
0010000000
0010000000
0010000000
0010000000
0010100000
0010000000
0010000000
0010000000
0010000000
0010000000
0010000000
0010100000
0010000000
0010000000
0010000000
0010000000
0010000000
0010000000
0010000000
0010000000
0010000000
0010000000
0010000000
0010000000
0010010000
0010010000
0010100000
0010100000
0010000000
0010000000
0010000000
0010000000
0010000000
0010000000
0010000000
0010000000
0010100000
0010000000
0010000000
0010000000
0010000000
0010000000
0010000000
0000110000
0010010000
0010000000
0010000000
0010000000
0010001000
0010100000
0000010000
0010000000
0010010000
0010000000
0010000000
0010000000
0010100000
0010000000
0010000000
0010000000
0010000000
0010000000
0010000000
0010000000
0010000000
0010000000
0010000000
0010000000
0010000000
0010000000
0010000000
0010000000
0010000000
0010000000
0010000000
0010010000
0010000000
0010000000
0010100000
0010000000
0010000000
0010000000
0010000000
0010000000
0010000000
0010000000
0010000000
0010000000
0010000000
0010000000
0010000000
0010000000
0010000000
0000000001
0010000000
0010000000
0010100000
0010000000
0010000000
0010000000
0010000000
0010000000
0010000000
0010010000
0010000000
0000100000
0000100000
0000100000
0000100000
0000100000
0000100000
0000100000
0000100000
0000100000
0000010000
0000010000
0000010000
0000010000
0000010000
0000010000
0000010000
0000000001
