1111110
1111000
1110111
1111111
1111111
1111111
1111011
1111111
1111111
1111111
1011010
1111110
1110110
1111111
1010110
1111000
1111111
1111110
0101111
1111111
1111111
1111111
1111111
1111111
1101111
1111111
1111111
1111111
1111110
1111111
1111111
1111000
1111111
1111111
1110110
1110100
1111000
1111111
1111010
1111111
1111011
1111111
1111011
0111111
1111111
1111111
1111101
1110010
1110111
1111111
1111111
1111111
1111111
1111111
1111110
1111111
1111111
1110000
1111100
1111110
1111110
1111110
1111111
1111111
1111011
1110100
1111111
1111110
1101111
1111011
1110111
1111110
1111111
1111011
1111111
1111110
1111011
1111000
1111111
1011100
1111111
1111111
1110000
1101111
1110000
1111111
1111111
1111111
1111111
1111111
1111111
1111111
1111010
1111111
1110111
1110000
1111000
1111110
1111111
1111111
1111011
1111111
1111111
1111011
1111000
1111111
1111011
1111111
1111111
1111111
0111111
1111111
1111111
1111111
1111101
1111111
1111111
1111111
1111111
0101111
1111111
1111111
1111100
1110111
1111111
1111111
1111111
1111111
1111111
0111111
1111111
1111111
1111111
1111011
1111111
1111110
1111111
1111111
1111111
1110011
1111111
1111010
1111111
1111111
1111111
1110111
1111111
1111111
1111111
1111111
1010110
1111111
1011110
1111111
1111110
1111111
1101111
1111111
1111111
1111111
1111111
1110111
1110111
1111111
1111100
1111111
1111111
1111111
0111111
1111111
1111111
1111111
1111111
1111110
1111111
1111100
1111111
1111011
1111110
1111111
1111110
1111111
1111111
1111111
1111110
1110111
1111111
1111101
1111100
1111011
1110111
1110110
1111111
1111111
1111111
1111011
1111111
1111111
1111111
1111111
1110111
1110110
1111111
1111110
1111111
1111111
1111111
1111111
1111111
1110111
1111011
1111011
1111111
1111111
1111011
1111111
1111011
1111010
1011110
1111111
1111111
1110111
1111111
1111111
1010110
1110011
1111111
1111111
1110000
1110111
1111111
1111111
1111111
1111111
1111111
1111111
1110111
1111111
1111111
1111111
1111111
1110111
1111111
1111100
1111111
1111111
1011110
1110111
1111111
1111111
1111111
1111111
1111111
1111111
1111111
1111011
1111111
1111111
1111111
1111111
1111111
1111111
1011111
1111111
1111111
1111111
1111111
1111111
1111111
1111100
1111111
1111111
1111111
1111111
1111111
1111110
1110101
1111111
1110000
1111111
1111111
1111111
1111111
1011110
1111111
1111111
1110101
1111110
1111111
1111111
1111111
1111111
1111111
1111111
1111111
1110111
1111111
1111011
1111111
1111111
1111111
1111111
1111111
1111111
1111111
1111111
1111011
1111111
1111111
1111111
1111110
1111011
1110111
1111011
1111111
1011110
1111111
1111111
1111111
1111111
1111111
1111111
1111110
1111111
1111111
1111111
1111111
1111111
1111111
1111111
1111111
1111111
1111111
1111111
1111111
1110000
1111011
1111111
1111111
1111111
1111111
1111011
1111111
1111011
1111111
1010010
1111011
1111111
1111111
1111111
1111111
1111101
1011110
1111011
1111111
1010110
1010100
1011110
1001000
1000111
0011010
1001111
1000010
1000000
1000011
1001001
1001110
1001110
1001110
1000010
1001000
1000110
1010000
1011010
1000000
1001111
1001011
1001111
1000110
1000110
0001110
1001010
1000100
1000110
1001110
1001110
0001000
1000010
1001110
1000000
1010111
1001010
1001011
1001010
0011010
1001110
1001000
1011110
0001100
0001011
1001011
1001110
0001010
0011011
0000011
0010100
0000100
0000111
0001010
0000111
1011110
1001010
1001011
1001010
0011011
1001111
1000001
1001110
1001110
1010110
1001000
0011010
1000111
1000100
0001010
1001110
1001011
0010010
0011010
0011110
0001110
1011010
1001010
0010011
1001110
1000000
1000000
1001010
0000001
0010100
0001110
0001110
1010100
1010000
1010100
1000010
0001000
0001110
0000110
1000000
0001111
0001100
0001010
1001110
1001001
0000101
0001010
0000001
0001111
0000111
0001100
0010001
0000001
1010000
0000100
0001100
0001111
0001000
0010111
0001110
0001110
0000010
0000010
0001111
1000000
1001010
1001111
0001110
0000100
1000110
1001010
1000000
0001000
0001101
1011110
0001001
1001100
0001110
0011000
1001010
1011010
0011100
0000110
0001111
0001110
1000100
0000010
0001001
1001000
0010010
0001010
0001010
1001010
0010111
0000100
1001000
0001010
1000001
0000110
0001110
1001010
0001100
0011001
1010000
0001100
0001110
1000101
0010000
1011010
0010000
0001100
1001111
1000010
0011000
0000010
0010000
1000100
0001110
0001100
0001011
0001000
0001100
0001000
0001111
1001010
0010000
0010100
0011110
1011110
0001111
0001001
1100110
1001000
0001100
0001100
0001011
0000100
0001110
1001110
0010000
1011110
0001110
0000010
0000111
0011000
0001011
0010000
1000010
0001010
0001001
0001111
1011010
1000110
1000110
0000011
0000111
0000111
1000101
0010010
1010000
1001110
0001011
1001011
1011000
0001100
0001010
1000001
0000100
1011110
1000111
1001110
0001000
0010110
0001000
1001100
0001000
1000010
1001110
0001100
0010000
0001000
0000101
0001111
0001110
0011000
1001000
0011111
0001111
0001000
0000010
0001010
0000100
0000111
1001111
1011000
1000000
0010110
0001111
0000111
0011000
1010000
0011010
1000110
0010001
0001100
0001111
1000110
0001110
1010110
0011101
0001011
0001000
0001110
0001111
1000110
0011010
0001010
0001110
0001011
0000010
0010000
0000100
0001101
0000001
0001011
0000010
0001000
1011001
1000000
1000000
0000010
0000110
0001111
1000001
1001111
1001111
1001100
1011110
0011110
1001111
0001100
1011000
0000011
0101110
0101110
0001000
1000111
1001000
0000111
0001000
1011100
0011110
0011000
0010010
0010000
0101111
0010000
0011100
0010000
0010111
0011000
0010001
0011111
0011111
0011000
0011001
0010010
0011110
0001110
0001000
0011110
0010000
0001100
0001110
0011010
0010100
0001100
0000111
0001000
0001111
0010001
0011100
0000111
0011110
0001010
0001001
0001100
0010000
0001000
0000010
0010010
0011101
0001000
0011110
0011010
0001000
0011110
0001010
0001110
0011000
0000100
0011110
0000100
0011010
0010010
0000110
0001000
0001000
0000110
0000011
0010000
0011000
0001000
0010000
0011110
0011010
0010000
0011111
0001110
0010000
0000100
0011000
0011110
0011000
0001010
0001010
0001010
0011010
0011011
0011010
0001111
0010010
0010100
0001000
0010101
0001111
0000100
0001000
0011101
0001100
0011110
0010000
0001000
0001011
0000110
0011000
0001111
0011010
0001110
0010010
0000110
0001010
0000010
0011110
0010010
0000010
0000100
0011110
0000100
0000110
0011110
0001000
0010000
0000111
0000100
0001010
0011000
0000110
0001010
0011000
0010010
0011000
0011110
0010000
0000110
0011000
0001000
0011010
0011110
0010010
0000100
0010100
0011000
0001010
0001110
0000100
0011001
0001100
0011111
0011000
0011111
0001110
0011111
0011111
0001111
0011001
0010000
0001000
0000010
0011110
0001010
0010100
0011011
0001110
0011110
0010000
0001111
0001111
0001111
0001111
0000001
0000101
0001111
0001111
0001111
0000101
0001011
0001111
0001111
0001111
0001111
0001111
0001110
0001010
0000001
0000100
0000111
0000111
0001111
0001110
0001111
0001011
0000110
0001110
0001110
0000011
0001001
0001111
0001111
0000111
0001011
0000010
0001111
0001111
0001110
0001011
0000111
0001011
0001110
0001111
0000111
0001111
0001000
0001111
0000111
0001010
0001111
0001111
0001010
0001111
0001111
0001111
0001000
0000110
0001110
0001111
0000111
0000111
0000111
0001111
0000111
0000111
0001110
0001111
0001101
0001011
0001111
0001111
0001111
0001111
0001111
0001111
0001111
0001111
0001000
0001111
0000110
0000010
0000101
0000001
0001000
0001110
0001111
0000010
0001110
0001010
0001111
0001111
0000111
0001111
0001111
0001010
0001111
0001011
0001110
0001110
0001010
0000111
0001111
0000011
0000111
0001110
0001111
0001110
0001100
0001011
0001100
0001110
0001111
0000111
0001100
0001010
0001111
0001010
0001101
0001111
0001000
0001010
0001011
0001100
0001011
0001011
0001110
0001110
0001011
0001111
0001111
0001110
0001111
0001011
0001010
0001000
0001101
0001110
0001111
0000100
0001010
0001000
0000010
0001100
0001100
0001111
0001111
0001000
0001010
0001111
0001110
0001110
0001111
0001011
0000110
0001011
0001101
0001100
0001111
0001111
0001000
0001110
0001101
0001000
0001000
0000110
0001110
0000111
0001010
0001010
0000111
0001111
0001100
0001010
0001111
0001001
0001100
0001010
0001100
0001010
0001110
0001111
0001111
0001110
0000110
0001110
0001111
0001000
0001000
0001000
0001110
0001100
0001000
0001000
0001010
0001111
0001000
0000111
0001000
0000011
0001010
0000100
0001000
0001111
0000110
0000100
0001100
0001111
0001010
0000010
0001100
0001101
0001011
0001000
0001111
0001011
0001110
0001010
0001001
0000110
0001000
0001110
0000010
0000001
0001000
0000011
0000010
0000100
0000110
0000110
0000111
0000100
0000110
0000110
0000100
0000110
0000110
0000100
0000111
0000110
0000110
0000110
0000010
0000110
0000100
0000110
0000100
0000110
0000010
0000100
0000010
0000010
0000110
0000111
0000111
0000101
0000010
0000111
0000010
0000010
0000010
0000010
0000010
0000001
0000100
0000010
0000010
0000010
0000010
0000010
0000010
0000010
