11111110000
11111110000
11000000110
11100010000
11001011110
11111110000
11100110010
10111111110
01100000010
01010010000
10000010010
11111111111
10100010110
11000000110
11000000010
11111111111
11111110000
11111110000
11111110000
11111111111
11111111111
11111111111
11111111111
11111110000
11111111111
11100111000
10111111110
10000000000
11100010010
11111110000
11011100100
11111111111
10111111110
11000010110
11100010010
11100010010
11111110000
01000000010
11000110010
11000000110
11100010110
11010111110
00000000010
11100010010
11100010010
11100110110
11100000010
11100010010
11000000000
11111111111
11111111111
11100010110
11100000000
11111111110
11000010110
11111111110
11100010010
11111111110
00100010010
01101011100
11000011010
11000110110
11100000000
10000010010
00100010010
11100010010
11111111111
11100010110
11000110100
11100010110
11100100010
11111111111
11100010110
10000000100
00100010010
11011011100
11100010010
11110110110
11000010010
01000000000
10000000000
11000000000
11010010010
11111110000
11111111111
11111111111
10111111110
10001010100
00000010110
11000010000
11100010010
10111111110
11100000010
10111111110
11000010010
11011011010
00000010010
11110110110
10100010110
01000010010
11101111100
11101111100
11111111111
11111111111
10001111110
11111111110
11111111111
11001011000
11111100000
11100010010
11000000000
10000010100
10101010100
11011111110
10000000000
11111111111
11111111111
11111111110
11111111111
11111111111
11111111110
11110100000
11111111111
11111111111
11111111111
11111111111
10101101110
11000000000
11111111111
11111111110
01000010010
11001100110
10100000000
01100010110
11111111111
01100000000
10111111110
11001001010
11100010110
11000000000
11000000000
11111111110
11111111111
10111111111
11111111111
01101110110
11000000110
11000110110
10111111110
00100000000
11111111111
11101111000
00000000110
10000010000
11100010010
01000010010
10100010010
11111111111
11111111111
11100010110
11111111111
11111111111
11100010010
01101111110
11100010010
11100000010
01000010010
11000010110
11000010110
11111111111
10000000010
11100010010
10111111110
11100101110
11100010010
11100100110
10100101100
01000010000
11101100110
01000010010
11000010000
11000000010
10111111110
11000010110
10000010010
11111111111
11111111111
11111111111
11111111111
11111111111
11111111111
11111111111
11100000010
11110110010
01000000000
11000010010
01100010010
11001010100
11111111111
11111111111
11111111111
11111111110
00000000010
11101110100
11100010010
00100010010
01100000010
01100000010
11100000110
11000010010
01000000010
00100010010
10000000010
10001110110
11100010010
11111111110
10101000000
11111111111
11000000010
11000110010
11111111111
10000000000
11111111111
11111111110
11001000100
11111111110
11100000000
10111111110
11111111111
11111111111
10111111110
10001111000
11100010110
01000000000
00000111110
10000000000
11111111110
01110111110
11000000000
11001111110
11111011111
11100010110
11100010110
11100010010
10001010010
11000010010
01000000010
01100010010
11111111111
11111111111
11111111111
11001111100
10000000100
10111111110
11100010110
11000010110
11100110010
00000010110
11111111110
11001100110
10000000000
10111111110
11111111110
11100110110
01100010010
11000010110
11000010010
11100000000
11111111111
11111111111
11111111111
10111111110
11111111111
11100110000
11000010010
11100010010
10101111110
11001010110
11010010110
00000010000
11111111110
11000110000
11111110111
11000000010
01000010010
11111111111
11111111110
11111111111
11111111111
11111111111
10111011110
10000111100
11100100110
10111111110
11111111111
10111111110
01100000010
11100000000
10000000000
10111111110
11100010100
11011110010
11000000000
11111111110
11111111111
11111111111
11111111111
11111111111
11111111111
01001000110
01100000110
10111111110
00000000010
00000010100
10000000100
11001011100
11101111100
11100000010
11100010010
11000010000
10111111110
01000010010
00100000000
11111111111
00100000000
11100000000
00100000010
11111110111
11111111010
11100010110
10111111110
01000000110
00100010010
11111111111
11111111111
11111111110
10000110000
11000110010
11101011110
11100010010
10111111110
11100000010
11101100110
11000110110
11001110100
00100000000
11100110110
10100000010
01100010000
10111111110
11000110110
11000000010
11111111111
10100101110
10111111110
01000000000
11111111111
11111111111
11111111111
11111111111
11100100010
11000000010
10000000000
11100010010
10111111110
11101011100
11110111110
11001111100
11111111111
11111111111
11111111110
10100000000
11001110110
11100010010
10100010010
11100000010
11111111111
11111111110
10111111110
11101111110
11111111111
11000010010
10111111110
00100010010
11000000010
01100000010
11000000000
11111111111
10111111110
11000000000
11111111110
01100010110
01000000110
11100010110
10001010010
11111111111
11001110010
10111101110
11100010010
00000010010
01100000000
10101010000
11100010110
01000010010
11111111110
01000010010
10000010010
11111111111
11111111111
11111111111
10111111110
01100000000
10111111110
11111111111
10001011110
11111111111
10111111111
11100010100
10000010000
11000000000
11000000010
10111111110
10111111110
11111111111
11100010110
10111111110
10100111110
11000000000
01000010000
11100000010
01100010010
10101101000
11111111111
11111111110
10001101110
11000010110
11000010110
11000100010
11111111110
10001111110
11000000110
11111111111
10101111110
11111111111
11001001100
11100010010
00000010010
11000010100
11000010110
10000010000
11000000100
10110110110
00100010010
11100100010
11101111100
10000000010
11111111110
11111111111
10111111110
10000000010
10000010000
11100010010
10111111110
11111111111
10111111110
10110010010
11000110010
10001111100
10000100000
10111111110
11101010100
00100010010
10000101010
11101101000
11000100110
11100010010
11100010110
11111001110
11000000110
00100010110
11101111110
10100000000
10111111110
11111111110
11101000000
11111111111
11111111111
11001110000
11000110010
10000100000
01100010010
01000010110
11000000000
11101011110
10100000010
11100000000
11100000110
10000010000
01000010010
10111111110
11100000010
00000010010
10101001100
11000010110
10000010010
11001111110
11100010010
10000010010
10000000000
00111111110
11000000100
10111111110
11100110110
00000010010
10000000100
11010100100
11100010000
11000000000
01100010010
11110110110
00100010010
00100010010
01000010010
10111111110
10101101110
00100000100
00000010110
11111100000
11000110010
11000000010
11000000110
00000010110
11000010010
11001010100
11000000000
10111111110
11111111110
11101111110
11111111111
11000000000
11110111110
11000000000
00000010010
11111111111
11000100000
11111111110
10000000000
11100010110
01100010010
10001001100
10100000010
11000000110
01100000000
11111111110
11111111111
10000010110
11001011100
11001101100
11001101110
11111111110
10001100100
10001011100
01000000010
10111111110
10000000000
10100000010
01000010110
00100010010
01100000000
10101111110
00010110100
10000000000
11001000010
11001101110
11001001110
10111111110
11000000000
11000000010
11100110010
00100010010
01000010010
11100000010
11001111110
11100010010
01000010010
10011111110
10001011010
00110000110
11001110100
00100010010
11000000000
10111111110
10111111110
11111111110
10111111110
11111111111
10111111110
10000100100
11111111110
10111111110
10000101000
10100011110
11111111110
11000010010
11111111111
10111111110
10000000110
11100010110
11111111110
11100010010
10000110110
10000000000
11010101100
11001100110
10000000000
11000011100
01000000000
10000010110
11111000000
11101011010
11000001000
00010100100
11100010010
11100010010
11001111000
10000000000
10101111110
11000010000
11001111100
11000010100
11000000010
11001010100
10000000000
10000010010
11000000110
10100111000
11011100110
11001011000
11100010010
10000000000
11000000010
11000000010
10100111100
10101011110
10000000100
10100010110
01000000000
10100000000
10000000010
11000000010
10000000010
10000111110
11001000110
11000000010
10001010000
11000010010
11000010010
11011010110
11100000010
11001111110
11010000110
11000110010
11100010010
10000010010
01100000000
11111111111
11111111111
11111111111
11111111111
11111111111
11111111111
11111111111
11111111111
11111111111
11111111111
11111111111
11111111111
11111111111
11111111111
11111111111
11111111111
11111111111
11111111111
11111111111
11111111111
10000000000
11111111111
11100000010
10000010110
10100000010
10000000010
01100010010
11100000010
11000010010
00100000010
00000010010
10000010010
01000010000
01100000100
01000010010
11100000000
01000000010
11110010010
00100000010
00000010000
11000000000
00000010110
01100010010
10100010010
01110010010
01000010110
00100010100
01000000010
01100010010
10100010010
11100000010
01100010110
01000010010
01100000010
11000010010
00000010010
11100000010
10000010010
01100000010
10010010010
00000010110
01000000010
01100000010
11100000010
01100010000
11100010010
11000010010
01100000000
00000010010
10000010010
01000000010
00100010010
11000010010
01000000100
00100010010
00100000000
00100010110
00100000010
01100000000
01000010010
01100010000
01100000010
01000010010
00100010010
00000010000
01100000010
10000010010
01000000000
00000010010
01100000000
01100010010
01100000000
00100000010
01100010010
00100000010
01100010000
00000010000
01000010010
00000000010
00000000010
00010010110
01100010010
01000010010
00100010010
00100000000
00100000010
00100000000
00100000010
00100000000
00100010010
00100000000
00100010010
00100000000
00100010010
00100000000
00000000010
00100010010
00100010010
00100010000
00100000000
00100000010
00100010010
00100010010
00000000010
00100000000
00100000000
00000010010
00100010000
00100000010
00100000000
00100000000
00100000010
00100010010
00100010010
00100010010
00100000000
00100010000
00100010010
00100000010
00100000010
00100010010
00000000010
00100000000
00100010110
00000010010
00100000000
00100000000
00100000010
00100010010
00100000010
00100010000
00100000010
00100000010
00100000010
00100000000
00000011111
00000010000
00000000010
00000010010
00000010010
00000010000
00000010010
00000010010
00000010010
00000010000
00000010000
00000010010
00000010010
00000010010
00000000010
00000010010
00000010010
00000010010
00000010010
00000010010
00000010010
00000010000
00000010000
00000010000
00000010010
00000010010
00000010000
00000010000
00000010010
00000010000
00000010000
00000010010
00000010000
00000010000
00000010000
00000010000
00000010000
00000010000
00000010110
00000010010
00000010000
00000010000
00000010010
00000010000
00000010010
00000010000
00000010010
00000010010
00000010010
00000010000
00000010010
00000010000
00000010000
00000010010
00000010010
00000010010
00000010000
00000010010
00000010010
00000000010
00000000010
00000000010
00000000010
00000000010
00000000010
00000000010
00000000010
00000000010
00000000010
00000000010
00000000010
00000000010
00000000010
00000000010
00000000010
00000000010
00000000010
00000000010
00000000010
00000000010
00000000010
00000000010
00000000010
00000000010
00000000010
00000000010
00000000010
00000000010
00000000010
00000000010
00000000010
00000000010
00000000010
00000000010
00000000010
00000000010
00000000010
00000000010
00000000010
00000000010
00000000010
00000000010
00000010000
00000000010
00000000010
00000000010
00000000010
00000000010
00000000010
00000000010
00000000010
00000000010
00000000010
00000000010
00000000010
00000000010
00000000010
00000000010
00000000010
00000000010
00000000010
00000000010
00000000010
00000000010
00000000010
00000000010
00000000010
00000000010
00000000010
00000000010
00000000010
00000000010
00000000010
00000000010
00000000010
00000000010
00000000010
00000000010
00000000010
00000000010
00000000010
00000000010
00000000010
00000000010
00000000010
00000000010
00000000010
00000000010
00000000010
00000000010
00000000010
00000000010
