1111111111
1000000000
1111100000
1111111111
1111111111
1111100000
1010100000
1000100000
1010100000
1111111111
1111111111
1111111111
1111111111
1111111111
1000100000
1000001000
1111100010
1011100000
0001111110
1111111111
1000000000
1000100000
1111101000
1000000000
1011100000
1111100110
1111100110
1001111110
1111100010
1111100110
1010100000
1010100000
0000100000
1010100000
1111100000
1111100110
1111100000
1111100110
1010100000
1111101110
1111100110
1111100110
1111100010
1111100110
1111111110
0000001000
0000001000
1111111111
1111111111
0000100000
0000100000
1111100000
0000001000
1111100110
0000001000
1111100110
0000101000
1111111111
0000001000
0000100000
1111111111
1000001000
0000001000
1000000000
0000001000
0000001000
0000001000
1000000000
0000100000
1111111111
0000010000
1111100010
0000100000
0000100000
0000100000
1000000000
0000100000
1111111111
0000001000
1001111110
0000101000
1000100000
1111111111
1111111111
0000100000
0000001000
0000100000
0000100000
0000101000
0000110000
1111111111
0000001000
0000100000
0000100000
1111111111
0000001000
1111111111
1001110000
0000100000
1011100000
1011100000
1001111110
1011100000
1000000000
1111100100
1010100100
1010100000
1111100010
1111100000
0010000000
1010100000
1011100000
0011111110
1001111110
1111100110
1111100100
1111100110
1001100000
1000000000
1011100010
1001100000
1000000000
1000000000
1111111111
1011100000
1000000000
1010100000
1010000000
1111111111
1111111111
1111111111
1111111111
1000100000
1010100000
1010000000
1011000000
1000000000
1010100000
1010100000
1000100000
1111100110
1111111111
1111100110
1010000000
1010100000
1011100000
1001100000
1000000000
1000000000
1000000000
0000101000
1000000000
1011000000
1010100000
0001111110
1000000000
1001100000
1001100000
1000100000
1000000000
1111111111
0000101000
0000001000
1111111111
1011100000
1000100000
1000100000
1011100000
1010000000
1010000000
1010000000
1100100000
1000000000
1000100000
1000100000
1011100000
0000001000
1001100000
1011100000
1010100000
1000100000
1001000000
1111100000
1000000000
1010100000
1111111111
1111111111
1010100000
1111111111
1000100000
1000100000
1111111111
1000000000
1000000000
1000100000
1001111110
1001000000
1001100000
0000001000
0001111110
0000001000
1000100000
1111111111
0000100000
1010100000
1001111110
1000000000
0000001000
1000001000
1001100000
1010000000
1000100000
1010100000
1111100000
1000100000
1010000000
1010100000
1000000000
1011100000
0001111110
1000100000
1001000010
1010100000
1000001000
0001111110
0000100000
0000100000
1111111111
1111111111
0000100000
0000100000
0000001000
0001111110
0000100000
1000000000
0000100000
0000100000
1111111111
0000001000
1000100000
0000001000
0001111110
0001111110
1011111110
1000000000
0000001000
0000100000
0001111110
0000001000
0001111110
1111111111
1000000000
0000001000
1001111110
0000100000
0000010000
0000100000
0000100000
0011111110
1010100000
1000100000
1000100000
1000000000
0001111110
1010100000
0000100000
1010100000
1010100000
1001111110
1010100000
1011100000
1000000000
1010100000
1011100000
1011100000
1010000000
0001111110
1010100000
1011100000
1000100000
0001111110
1010000000
1010100000
1010100000
1000000000
1000000000
1000100000
1000000000
1100100000
0001111110
1001100000
1000000000
0001111110
1010000000
1010100000
1011000000
0001111110
1001100010
1110100000
1011100000
1001111110
1101100000
1000100000
0101111110
1010000000
1000100000
1010100000
1000000000
1010100000
1000000000
1011100000
1010100000
1000000000
1000000000
1011100000
1000100000
0001111110
1000100000
0001111110
1010000000
1010100000
1000100000
0001111110
0001111110
1000100000
1001100000
1000100000
1001100000
1000000000
1011000000
1000000000
0010000000
1000000000
1110100000
1000100000
1000000000
0001111110
1010000000
0011111110
0001111110
1110000000
1010100000
0101111110
1000000000
1000100000
1100100000
1101100000
0001111110
1101100000
1001111110
1011100010
0001111110
1011100000
0001111110
0001111110
1000000000
1010000000
0011111110
0001111110
0001111110
1001111110
0001111110
0001111110
1011111110
0001111110
0001111110
1010100000
1001111110
1001111110
0001111110
1011100000
0001111110
1000000000
0011111110
1010000000
0001111110
1001111110
1010100000
1001111110
0001111110
1001111110
1000000000
0000100000
0001100000
0000100000
0001000000
0000100000
0000001000
0000100000
0000100000
0000100000
0000100000
0000100000
0000100000
0000100000
0000100000
0001100000
0000100000
