1111111
1111111
1111111
1111111
1111111
1111111
1111111
1111111
1111111
1111111
1111111
1111111
1111111
1111111
1111111
1111111
1111111
1111111
1111001
1111111
1111101
1111111
1111111
1111111
1111111
0101000
1111111
1111101
1111111
1111111
1111111
1111111
1111111
1111111
1111111
1111111
1111111
1111111
1111111
1111111
1111111
1111101
1110111
1111111
1111111
1111101
1111111
1111111
1100111
1111111
1111111
1111111
1111111
1101101
1111100
1111111
1111101
1111111
1111111
1111111
1111111
1111111
1111111
1111101
1111111
1111111
1110111
1111111
0100000
1111101
1110111
1110011
1111111
1110111
1111111
1111111
1111111
1111111
1111111
1111101
1100101
1111111
1111111
1111111
1101101
1111111
1111111
1110111
1011101
1101101
1111111
1111111
1111111
1111101
1110111
1111111
1111111
1111111
1111111
1111111
1111101
1111111
1111101
1111111
1110111
1111101
1111111
1111101
1111111
1101001
1111111
1111111
1111111
1111011
1111101
1111111
1111111
1111111
1111111
1111111
1111101
1111101
1111111
1111101
1111111
1111111
1111111
1111111
1111111
1111011
1111111
1110111
1111111
1101101
1100111
1111101
1111111
1111111
1111101
1111001
1111111
1111111
1111111
1111011
1111101
1111111
1110111
1110111
1111111
1111101
1111101
1111001
1111111
1111111
1111111
1110011
1111111
1111011
1111111
1111101
1111101
1110011
1111111
1111111
1110111
1111111
1111111
1111111
1110111
1111011
1111111
1111101
1111111
0111101
1110111
1111111
1111111
1111111
1111111
1111111
1111011
1110101
1110111
1111111
1111111
1111111
1111111
1111101
1111011
1110111
1111111
1111111
1110101
1111101
1111111
1110111
1111111
1111111
1111111
1110111
1111111
1111111
1111111
1111111
1100111
0100000
0101000
1111111
1111111
0111111
1111111
1111111
1111111
1111101
1110101
1110111
1110111
1111111
1111111
1111111
1111111
1111111
1110101
0100000
1111011
1111101
1111101
1111011
0100001
1111100
1111111
1110111
1111111
1111111
1111111
1111111
1110111
0101011
1111101
1111111
1111111
1111111
1111111
1111111
0100000
1100101
1111111
1110111
1111010
1111111
1111101
1111101
1111111
1110101
0100000
1111111
1111111
1111111
0100000
1111111
0100000
1110101
0101000
1110111
0101000
1111111
0100000
0101001
0100000
0000001
0101100
0101000
0001000
0100100
0101001
0100000
0100001
0101000
0101000
0100001
0101000
0100000
0100001
0101000
0101000
0101000
0101000
0101000
0000001
0101000
0100000
0100000
1101000
0100000
0100000
0101001
0101001
0101000
0001000
0101000
0101000
0100000
0100000
0100000
0100000
0100000
0100001
0101000
0101000
0101000
0101100
1100000
0001111
0001000
0001111
0001111
0001111
0000111
