1111110111
1110110111
1110110111
1110110111
1111100000
1110110111
1111110111
1111110111
1111111111
1110111110
1111111110
1111111110
1111110111
1011110111
1111110111
1111110111
1111110111
1110110111
1111110111
1110110111
1111111111
1111111110
1110111111
1111110111
1111110111
1110110111
1111110111
1111111111
1110000000
1110111110
1111111111
1111111111
1111111111
1111111111
1111111111
1110111110
1100111100
1000111010
1100111110
1111111111
1111111111
1111111111
1111111111
1110111110
1111111111
1111111111
1111111111
1111111111
1111111111
1111111111
1110110111
1110010111
1110110111
1110110111
1111110111
1111110111
1110110111
1111110111
1111110111
1110110111
1111111111
1110110111
1110110111
1111110111
1111111111
1110110111
1110110111
1111111111
1110110111
1111110111
1111110111
1111110111
1111110111
1110110111
1110010111
1111110111
1111110111
1110110111
1110110111
1111110111
1111110111
1110110111
1110110111
1110110111
1110110111
1110110111
1111110111
1110110111
1111110111
1110110111
1110110111
1110110111
1111111111
1110110111
1111110111
1111110111
1111110111
1110110111
1110110111
1110110111
1100000000
1111110111
1111010111
1110110111
1110110111
1111110111
1110110111
1111110110
1100111111
1110010011
1110110111
1111110111
1111110111
1110110110
1110110111
1110110111
1110110111
1111110111
1100110111
1110110111
1110110111
1110110111
1110100111
1110110111
1110110111
1110110111
1111110111
1110110111
1110110111
1110110111
1110110111
1110110111
1100110111
1110110111
1111110111
1110110111
1110110111
1110110111
1111110111
1110111110
1100111110
1110111110
1111111110
1100111111
1100111110
1100000000
1111111111
1110111110
1110111110
1111111111
1110111110
0010000000
1110111110
1110111110
1100111111
1110111111
1111111111
1111111111
1111111111
1110111100
1000000000
1110111110
1110111110
1100000000
0010000000
1111110111
1110000111
1110111110
1100101100
1110111110
1100111110
1111110111
1111110111
1110110111
1111110111
1111110111
1111110111
1110110111
1111110111
1110110111
1110111110
1110111110
1110111110
1100111110
1100111110
1110111110
1110111110
1100111010
1111111111
1111110111
1111111111
1100111110
1101111110
1100111110
1110111110
1100000000
1110110111
1110110111
1110110111
1100011100
1110111110
1110111110
0100111111
1100101110
1110110111
1110110111
1110110111
1111111110
1010000000
1100111110
1110101100
1100000000
1110110111
1111110111
1111110111
1110110011
1111110111
1110110111
1111110111
1110110111
1111111110
1100111110
1100111000
1111111110
1101111110
1110111110
1110111110
1100001110
1110000000
1100111010
1110111010
1101111110
1111110111
1100100111
1100101000
1101111110
1111111110
1110111110
1110001110
1100111110
1100000000
1110111111
1111110111
1010110111
1111110111
1110111110
1110110111
1111110111
1110111100
1110111100
1111110111
1100000000
1101111010
1100111110
1110111111
1111111110
1100111110
1110100111
1110111111
1110110111
1110110111
1100111100
1110110111
1111110111
1110110111
1110110111
1110110111
1111110111
1110110111
1110110111
1100111110
1100111111
1110101010
1110110111
1110110111
1110110110
1100111110
1100000000
1100111000
1100111110
1110111110
1110011100
1110101110
1110111110
1100101100
1111111110
0100111111
1110111110
1100100111
1110111110
1110111111
1110110111
1100111111
1110110111
1110110111
1110110111
1111110111
1111110111
1101110111
1110110111
1110110111
1110110111
1111110111
1111110111
1111110111
1110110111
1110110111
1110110111
1111110111
1100111111
1110110101
1111110111
1110110111
1111110111
1110110111
1111110111
1110110111
1110010111
1110110111
1110110111
1110110111
1110110111
1111110111
1110110111
1110110111
1110110111
1110110111
1110110111
1110110111
1000111111
1110110111
1111110111
1110111111
1110110111
1110110111
1110111111
1110010111
1110110111
1110110111
1110110111
1110110111
1110110111
1110110011
1111110111
1110110111
1110110111
1110110111
1100110111
1011110111
1100111111
1110010111
1110110111
1110111111
1011110111
1110110111
1110110111
1110110111
1110110111
1110110111
1110110111
1100111111
1110010111
1110110111
1111110011
1110110111
1111110111
1110110111
1111110111
1110110111
1010111111
1110101110
1110111110
1110111110
1110000000
1110111111
1110111110
1100101000
1110111100
1111111110
0110111111
1110011000
1110111010
1100111100
1100111110
1100111110
1110111010
1100111110
1100111111
1110111110
1110111010
1010000000
1100101010
1100111111
1110000000
1100011110
1101101110
1100000000
1100000000
1110111110
1110011000
1110111110
1110111111
1110111110
1100011100
1100111111
1100000000
1111111100
1110111110
1110111111
1100111110
1110111110
1110011110
1110111111
1100111110
1110110111
1110111111
1101111100
1100111100
1100101000
1110111110
1100111100
0110110111
1110101110
1100111110
1100000000
1100111010
1111111100
1110111010
1110111111
1100101110
1100111111
1110111110
0111110110
1110111110
1110011100
1110111111
1110111111
1100111010
1110111100
1110101110
1100111110
1000000000
1000000000
1110101010
1100101000
1000000000
1100111100
1110111110
0100111110
1101000000
1110111111
1100000000
1110111111
0100111111
1110101110
1110101110
1110111111
1100111110
1100101100
1110000000
1110110010
1110111110
1110111111
0110101110
1110111111
1100101110
1100111111
1111111110
1110111111
1100110010
1111111111
1100111110
1110000000
1100111111
1110111111
0110111110
1100111111
1110111111
0110111111
1110111111
0110111111
1100111111
1110110111
1100101000
0010111111
0110111111
0110111111
1101111110
1110111111
1100111110
1110111111
1110011010
0110111111
1110111111
1100111100
1110111111
1110111111
1110111111
0000111100
0000011000
0000101110
0000001000
0000101110
0000101100
0000001100
0000111110
0000110100
0000001100
0000010111
0000111000
0000111110
0000101010
0000111110
0000101010
0000111100
0000101110
0000111010
0000101000
0000111010
0000111100
0000010000
