1111111
1111110
1111111
1111111
1111110
1111111
1111110
1111111
1111111
1111111
1111111
1111110
1111111
1111111
1111111
1000000
1111110
0000110
1000110
1111111
1111111
1111111
1111111
1111110
1111111
1111111
1111110
1111111
1111110
1111111
1111110
1111111
1111111
1111110
1111111
1111111
1000000
1111110
1111111
1111110
1111111
1111111
1111110
1111111
1111111
1111110
1111111
1111110
1111111
1111111
1111110
1111111
1111110
1111111
1111110
1111111
1111111
1111110
1111111
1111110
1111111
1111111
1111111
1111111
1111111
1111111
0000010
1111111
1111111
1111111
1010010
1111110
1111111
1100110
1111111
1100110
1001100
1111110
1111111
1111111
1111111
1111111
1111110
1111111
1111111
1000110
1111110
1000010
1110000
1111110
1000110
1111111
1111111
1000000
1111110
1101100
1001111
1101010
1111110
1011110
1111110
1111111
1111110
1111111
1111111
1111111
1111111
1111111
1111111
1111110
1000000
1000110
1111110
1111111
1000010
1111110
1001110
1111111
1001000
1000100
1111111
1000101
0000110
1000110
1001111
1111110
1000000
1111110
1111111
1100010
1001000
1000000
1000100
1100100
1101110
1000110
1001110
0001010
1001110
0000110
1000000
1100110
1001110
1010010
1000110
1101110
1010010
0101110
1000000
1000100
1100100
1001000
1001010
1000111
1001000
1101110
1000111
0010100
1101110
0001000
1000110
1010000
0011010
1100010
0001110
1000110
1010110
1000000
0000010
1100111
1010110
0000010
1001100
1011000
1100110
1000010
1000010
1000100
1000110
1111110
1000100
1000110
1001010
1010110
1000100
1001010
1101110
1001010
0000110
1000110
1011110
1000000
1000010
1000010
1101111
1001110
0000110
1100000
1000000
1000000
1010010
1000110
1001100
1101110
1011011
1000110
1010110
1010001
1001000
1000000
1000001
1000010
1110110
1101010
1010110
1001010
1001000
1001010
1000010
1100110
1000110
1001110
1001110
1000110
1000000
1001110
1000010
1001110
1000000
1000000
1000010
1000000
1001110
1001110
1000000
1000010
1011110
1000110
1000010
1111110
1100000
1001100
1000010
1001010
1000000
1100000
1000110
1000110
1100100
1000010
1000110
1000000
1010100
1100100
1000010
1000110
1000010
1001010
1101110
1101110
1000110
1010110
1000100
1010110
1000000
1000100
1000000
1000100
1000100
1001110
1000011
1001010
1000010
1000010
1000010
1001011
1100000
1010110
1000000
1001000
1100110
1000110
0011000
1011110
1000010
1100010
1111110
1000100
1011111
1000111
1000101
1001010
1010110
1000100
1000110
1100110
1000100
1000110
1010110
1000110
1000010
1000010
1100010
1100010
1000100
0000100
1000110
1000010
1000010
1000110
1001110
1101110
1100110
1101010
1101100
1000010
1010111
1000010
1000110
1000100
1101110
1000110
1000110
1000110
1001000
1001110
1100110
1101110
1000110
1001000
1000100
1000000
1000010
1010110
1001100
1000110
1000001
1000100
1000000
1001000
1000100
1001111
1000010
1000011
1010100
1000010
1011011
1001100
1000010
1001110
1000001
1000111
1000010
1000100
1001010
1000100
1000110
1000110
1101110
1100110
1100000
1000110
1001110
1010010
1000000
1011100
1010000
1010000
1000000
1100010
1000000
1000110
1000000
1001000
1100110
0000100
1000110
1101110
1100100
1000110
1000000
1000110
1000010
1111110
1000010
1000100
1001010
1011100
0000100
1000110
1000100
1000000
1100010
1000000
1001100
1000110
1000010
1000110
1000110
1001110
1000010
1011110
1000100
0001010
1000110
1001111
1000110
1101100
1000010
0000110
0100110
1001110
1010111
1001010
1100010
1000000
1011111
1000010
1001100
1011111
1000110
1000010
1000010
1000110
1000100
1000010
1000000
1000010
1100000
1100110
1111110
1000010
0000100
1000010
1010010
1000010
1110110
1000010
0000010
0000100
1110100
1100000
1001000
1100000
1000010
1001000
1101100
1000100
1001100
1100110
1011000
1000000
1000010
1000110
1001010
1100010
1000010
1000000
0010010
1000000
1000010
1000100
1000000
1001110
1000000
0101110
0001010
1101010
1101110
1100010
1001010
1010010
1001010
1000000
1010010
1001010
1000100
1000110
1000000
1001100
1001000
1000110
1011000
1010110
1000010
1000010
1010110
1000011
1000000
1000100
1000110
0100110
1101000
1000010
1000000
1000000
1000110
1101010
1001110
1000110
0000100
1001110
1001010
1001100
1000010
1000111
1000000
1000000
1000100
1001100
0000010
0110110
1111110
1010110
1001100
1000010
1010000
1000000
1000010
1000000
1111010
1100010
1000110
1000110
1000100
1100110
1010110
1000000
1000110
1000010
1100110
0001110
1001000
1000000
1000110
1000000
1000110
1001110
1001010
1000100
0000110
1000010
1000110
1001110
1001110
1010010
1100110
0000110
1010100
1000010
0000011
1001110
0010000
1010111
1000000
1101110
1100000
1000010
1000110
1000110
1010000
1001110
1000010
1100000
1000110
1010111
1101100
1000110
1100110
1100110
1000000
1000010
0100100
1000100
1000111
1001110
1000010
0101010
1000000
1000100
1000100
1000010
1000010
0001010
1000110
1000000
1000110
1000000
1000110
0000011
1000000
1000010
1000100
1100110
1000010
1000010
1000000
1001001
1010110
0001100
0000110
1110110
1010100
1000000
0000110
1001010
1011111
1000000
1100010
1000000
1000100
1100010
1000100
1000110
0000010
1000010
1110110
1001110
1010110
1000000
1010110
1000000
1000110
1100010
1100110
1100000
1000010
1110110
1101011
1000110
1001110
1100010
1100000
1000000
1000110
1010111
1000000
1001110
1000000
1011110
1000100
1000000
1000000
1000110
1000110
1010010
1100001
1000110
1000010
1000110
1000000
1001110
1011111
1100110
1000010
1000110
1010100
1100000
1000010
1010110
0000110
1001110
1000010
0000110
1001100
0000010
1001010
1000010
1000010
1100100
1000110
1000000
0000010
1110010
1000000
0000100
1001110
0100110
1100111
1000010
1000010
1000010
1000100
1110110
1000110
1000000
1000111
1000010
1000000
0001100
1110010
1101100
0011111
1000110
1100110
1000000
1000011
1001010
1010110
1101010
1000100
1000100
1000111
1000110
1001000
1101110
1100110
0000110
0000110
1000010
1000110
1001110
0100100
0001000
1000010
0000101
1000110
1000110
1101010
1000110
0000110
1000010
1000010
0001000
0110100
1001110
1000010
1000000
1000110
1000100
1000111
0001110
1001110
1000110
1000100
1000110
1000000
1010010
1001100
1100110
1000010
1000110
1000000
1000000
1000010
0000100
1011100
1000000
1000010
1000010
1000101
1010100
1100010
1000010
1000000
1000010
1101000
1001010
1000010
1001000
1000010
0000010
0110110
0010110
0000110
0000010
0000110
0001100
0000010
0010100
0000100
0001010
0000110
0101010
0100110
0000111
0000110
0101110
0001111
0110110
0100010
0101010
0100110
0100110
0011110
0101000
0101100
0100010
0000100
0110100
0100010
0001100
0100011
0001010
0100100
0000010
0100010
0010110
0010010
0010010
0010100
0010010
0010010
0010010
0010000
0010000
0010100
0010110
0100010
0010000
0010110
0000110
0100010
0010100
0010010
0010100
1000000
0000010
0000010
0000110
0000111
0000010
0000010
0000110
0001110
0000111
0000100
0001110
0001110
0001000
0001000
0000110
0001110
0001010
0000100
0001010
0000100
0001000
0001100
0001000
0001110
0001010
0000110
0001110
0000110
0001010
0001110
0001110
0001110
0001110
0001110
0001000
0000010
0001110
0001100
0001000
0001000
0000111
0001110
0001010
0001000
0000010
0001000
0001000
0001000
0001000
0001000
0000110
0001000
0001110
0000010
0000010
0001110
0001010
0000100
0001100
0001000
0001111
0000010
0000110
0000110
0000100
0000100
0000110
0000100
0000100
0000110
0000110
0000110
0000110
0000100
0000110
0000110
0000110
0000100
0000100
0000110
0000100
0000110
0000110
0000110
0000010
0000010
0000100
0000100
0000110
0000100
0000110
0000110
0000100
0000100
0000100
0000110
0000110
0000100
0000110
0000100
0000010
0000100
0000110
0000110
0000010
0000100
0000010
0000110
0000110
0000010
0000110
0000010
0000110
0000010
0000010
0000010
0000010
0000010
0000010
0000010
0000010
0000010
0000010
0000010
0000010
0000011
0000010
0000010
0000010
0000010
0000001
0000010
0000110
0000010
0000001
0000001
