111111111
111111111
111111111
111111111
111111111
111111111
111111111
111111111
111111111
111111111
000010000
100111100
100100000
111111111
111111111
111111111
100000000
100110000
100001000
100110100
111111111
100100000
000010000
100101000
100110100
111111111
111111111
111111111
111111111
111111111
111111111
111111111
111111111
111111111
111111111
111111111
111111111
111111111
111111111
111111111
111111111
111111111
111111111
111111111
111111111
100110000
111111111
111111111
111111111
111111111
111111111
111111111
111111111
111111111
111111111
111111111
111111111
111111111
111111111
111111111
111111111
111111111
111111111
111111111
111111111
111111111
111111111
111111111
111111111
111111111
111111111
111111111
111111111
111111111
111111111
111111111
100100000
100111010
111111111
111111111
111111111
111111111
111111111
100101000
111111111
100000000
110111110
111111111
111111111
100100110
111111111
000010010
100111100
100110010
111111111
100110000
000100101
111111111
111111111
110110110
100100000
111111111
111111111
100000000
111111111
111111111
000100000
111111111
111111111
100011000
100110000
111111111
111111111
100100000
100000100
111111111
111111111
111111111
111111111
111111111
100100000
100110000
111111111
111111111
111111111
111111111
100000000
100010000
100111110
000100010
100000000
100011100
110110000
000001000
100110010
100000010
000111000
100000010
100000010
100010100
111111111
111111111
100110000
100110000
111111111
111111111
100110000
100001110
100110000
100100010
110110010
100110000
110100100
110111100
100100010
000100000
100100010
000010010
100010000
100110001
000100000
100110000
110101000
100010000
100110111
100100000
110110000
100110000
010101101
100110100
000110000
100010000
010110000
100100000
000001010
100110010
100100000
100100010
100110010
000100000
000110000
010011010
100000000
110110010
110100010
100110000
100100011
100110010
010110000
100110001
100111000
100110110
110110010
100110001
100001001
100100000
101000000
100111010
100110000
100100100
100000010
000111100
100100000
100110000
100100000
100100000
100110000
100000000
000100000
100110000
000010010
100110000
100110000
100100001
100111000
100111101
100010000
100011000
100111000
000010000
110111110
110100000
000110000
000010000
100010000
100111110
100101000
100000110
100010110
100100000
100110000
100010000
100110010
000110000
101101110
100110000
100000010
100010000
100110110
100001000
100010010
100110000
100001000
100100000
100010100
100110110
100100110
100111000
100010010
110111000
000100000
100100000
100110100
100110010
100100010
100110010
100100000
100110100
110010001
100100000
100110110
100110000
100100100
100100000
100111100
100011100
110111110
100110000
100110000
100001000
100010000
100110000
100100000
100100000
110110000
110111100
100000010
100000000
100110000
100010000
100110000
000110000
100000000
100100000
100111010
100110000
100110000
100011000
100101110
100000000
000100000
100010000
100110000
100100000
100010000
100000100
100000000
100010000
100110100
100010000
100000000
100110111
100100010
100100010
100110000
100001000
100001000
100100000
100000000
100000000
100110010
110110000
100000000
100110010
100110000
100110011
000110010
100100010
100110000
100110010
100000000
100110001
100010000
100101110
100111010
100000010
100000000
100110000
100010000
100001000
100110010
100100000
100000000
100010001
100110010
100111000
100110000
110000000
100000000
100000101
100110000
100000100
100001000
100110000
100100010
100010000
100110010
100100000
100011000
100000000
100000000
110011100
100001000
100100110
100010000
100111010
100010010
100100000
100110010
100100000
110100100
000101100
100101000
100000000
100011000
100100000
100111000
100011000
100000000
100110100
100110100
100000000
100100110
100110000
100110000
100100000
100110000
100101000
100010010
100100100
100100000
100110000
100100000
100100001
100000011
100000000
100001000
100100000
100111010
100111000
100100000
100100000
100101000
100100000
100101000
100111010
100110010
100100000
100100100
100110111
100110010
110100000
100110100
100000000
100100000
100001010
100110000
100110000
100100000
100110000
000101000
100010000
110010000
100110000
100100010
100110010
100010100
100110000
000100001
100000100
100110100
000010000
100110010
100111000
100010000
100010000
100110000
100110100
110111000
100101010
100011100
100000000
100010000
100110000
100100000
100100000
100111000
100100001
101101000
100110100
100000010
100000011
100001100
100100000
100100000
100001010
100100000
100110110
110100000
100010010
100100000
100010000
100111000
100011010
100100000
100110000
100000000
100000000
100100000
100010010
100110010
000100010
100011000
100001100
100100000
100110100
100000101
100100000
100100000
100110000
100110000
100100000
100010001
100011010
100100100
100100010
100000010
100111100
100100000
100100100
100000000
100110010
100000010
100100000
100110010
100100000
000000010
100110000
100100000
100110010
100001000
100110000
100000000
100100100
100010100
101111000
100111000
100100000
100101001
100010000
100110000
100110000
100100000
100110010
101000000
110110000
100000000
100100000
101110000
100100010
100000100
101111010
100100000
100110010
100100000
100000010
100110000
100000010
100111000
100011000
100000100
100000000
100110000
100011000
100000000
100100000
100100000
110110000
100111000
100110000
100011000
100010000
100010000
100000000
100110100
100110011
100101000
100110010
100010010
100100010
100010000
100101000
100110000
100100000
100000000
100010100
100111000
100110000
100111000
100110000
110110110
100000000
110110010
100100100
100101000
100010010
100000000
100110010
110001000
100110000
100000000
110100000
100000000
100010000
100110000
000000010
100100000
100100000
100000000
100001001
100110010
100110010
000101100
100010000
000101000
100001000
100100000
100110000
100110000
100000000
100100000
100011010
100001000
100010100
100000000
110000000
100111000
100100000
100001000
100100010
100111010
100100000
100100000
000101000
100000000
100110000
100100001
100010010
100110000
100000000
100010100
100100000
100010000
100000010
100100000
100000000
100100000
100110000
110110000
100111000
000100000
100110000
100101000
100111000
100000100
100010100
100000000
100010010
100000010
100010100
100001000
100011000
100100000
100100000
100100001
100000100
100111000
100100000
100100000
100010001
110110010
100110000
000110000
100001000
100100000
110100000
100010000
100111000
100100000
100010110
100100000
100111000
100100000
100101010
000110000
100110010
100101000
100000000
100000000
100110000
100010000
100110010
100110000
100100000
100110010
100000010
110110001
000100101
100000000
100111000
100100000
101111000
000001000
100000010
100100000
100100010
100000000
100010000
000000001
100110010
100000000
100100100
110110110
100000000
100100000
100001000
100011000
100110000
100000100
100100000
000100010
000100000
100100000
100110000
100010010
100101000
110110010
110100000
000011010
100110110
000101000
100100000
100000100
000000110
100100000
100010000
100001001
100000000
000110000
000010000
100110010
110100100
100111001
100000000
100111010
100000000
100110000
100100000
000001000
100000000
100001000
100100000
100110100
100100000
100100000
100000000
100000010
100110000
100100000
100011010
100000010
000100000
100011010
000110000
000010000
100110100
100100000
100101000
100110010
100000100
100110010
100100000
100101000
100100000
000010000
100110010
100110010
100100000
100000000
100011010
100110000
100000000
100100000
000110010
100100000
100000100
100100000
100100000
110100000
100100000
001011000
100100000
100110000
100000000
100111010
100000000
100110100
100010000
100110000
100100110
100000000
100110100
100010000
100000000
100100000
100000000
100000000
100100000
000000011
100000000
100000000
100010000
100110000
100010010
100100000
000110010
100100110
100000010
000101000
100100100
100010101
000100000
001110110
100010000
100100010
100000000
100110000
100000100
100100000
000011000
100100000
100010000
100110001
100100010
100000000
100000010
100000100
000111000
100110000
100010000
000010100
100111000
000110000
000000010
100000000
100110000
100110010
100110100
100110000
000100100
100111100
100100000
100000000
100111000
100000000
100010110
101100000
100111101
100000000
100010100
100100000
100000000
000110000
100000000
100011010
100001000
100010010
000000110
100100000
100110000
100100000
000100010
100111100
100000000
101110011
110110101
000100000
000010100
100000000
100000100
100110000
100100000
100011000
100100000
100001000
000100000
100110010
000000011
000101000
100010000
000100000
100100010
100000000
100000001
000010000
110000000
100000000
100100000
000000100
100000000
101110010
100010000
000110100
000100000
100100000
000110000
100100000
100110000
100001000
000010000
100100000
100000000
000100000
110000010
100100000
100000000
100010000
010110100
000111011
110000000
000110010
100110010
000100100
100011100
100000000
100000010
000110000
100110000
000110010
000110000
000100000
100010100
100000000
000001000
000110000
100001000
100010000
000100000
100000000
100000000
000100100
100000100
000010000
010001000
000100000
100010000
001001000
000010000
001110010
100001010
000100000
000100000
000100000
000100000
000110000
000100000
000110000
000110000
000100000
000110000
000111000
000100000
000101000
000111000
000100000
000100000
000110000
010000000
000100010
000100000
000000110
000100000
000111000
000110100
000100000
000100001
000111000
000110100
000100000
000100000
000100110
000011000
000010000
000100100
000100000
000110000
000100100
000111000
000100000
000110010
000111010
000010000
000100100
000101000
000101000
000101000
000100000
000100000
000100000
000010000
000110010
000100000
000110000
000100010
000100000
000100000
000100000
000010000
000010010
000000010
000010000
000010000
000010000
000010000
000000100
000010000
000000100
000011001
000010000
000000010
000011000
000010000
000010000
000010000
100000000
000100000
000000001
000001000
000001000
000000010
000001000
000000100
000001000
000001000
000000100
000000001
