11111111111111
11111111111111
11111111111111
11111111111111
11111111111111
11111111111111
11111111111111
11111111111111
11111111111111
11111111111111
11111111111111
11111111111111
11111111111111
11111111111111
11111111111111
11111111111111
11111111111111
00000110010110
00000010000100
10000100000100
10000100100010
00000100100100
00000000001000
10001000100110
00000100010100
00001000010000
10000000000100
00001100000100
10001000110000
10000000000000
00000000100000
10000000000000
00000100000000
00000000000010
00000000010000
00000000000100
10000000000000
00001100000000
10000000000000
10001010000010
00000000000110
10000000000010
10000000000000
10000000111000
10000000000000
00000010000010
10000100000000
00000000010000
10000000000000
10000100100000
10001100010010
10000100000100
10000000000000
10000000000000
10000000000000
10000000000000
10000000000110
10000000100000
10001000000000
10000000000000
10000000000000
10000000000000
10000100000100
10000000000000
10000101000100
10000000000000
10000000000000
00000000110000
00000000100000
10000000100000
10001000000100
10000000000000
00000100000000
00000000100000
10000000000000
10000000000000
00000100000000
00000100000000
10000100000000
10001100000000
10000100000000
10000000000000
00000010000000
00000000100100
00000000010000
10000000000000
10000000000010
10000100000000
00000000000100
00000100110110
00000000100000
10000000100100
10000000000000
10000010000100
00000000100000
10000000000000
10000100000100
00000000110100
00000000000100
00000100000010
00000000000010
00000000010000
10000000000000
10000000000000
00000100000100
00000100100010
00001000000000
00000000010100
00000100000000
00001100000000
00001000000000
00001100100010
00001000000000
00001000000000
00001000000000
00001000000000
00001000000000
00001000100000
00001100000000
00001000000000
00000100000000
00001100000100
00001000000010
00001000000000
00001000000100
00001000000000
00001000000000
00001100110010
00001100000000
00001000000000
00001000000000
00001100000100
00001110100000
00000000000010
00000100010000
00000110100000
00000100010000
00000100000000
00000100000000
00000100100010
00000100100000
00000100010110
00000100000100
00000100000000
00000100000000
00000100000100
00000100000000
00000100000000
00000100000110
00000100100000
00000100100000
00000100010000
00000100000000
00000100000000
00000100000000
00000100000000
00000100000000
00000100000010
00000100100000
00000100000000
00000000100000
00000000000010
00000100000100
00000100000000
00000100000000
00000100100100
00000000010000
00000110010000
00000100000000
00000100100000
00000100000000
00000000100000
00000100000000
00000100000010
00000100000110
00000000000010
00000100000000
00000100100000
00000100000000
00000000100000
00000000010000
00000010100000
00000000000100
00000100000000
00000100000000
00000100010000
00000100000000
00000100000000
00000000000100
00000100100000
00000010000100
00000100000000
00000010000100
00000010000000
00000010010000
00000100000000
00000010100000
00000010000100
00000010000100
00000010000000
00000010000000
00000010001000
00000000100000
00000010000000
00000000000010
00000010000100
00000000100100
00000100000000
00000100000000
00000100000000
00001000000000
00000001000000
00000001000000
00000001000010
00000001000000
00000001000000
00000001000000
00000001100100
00000000100000
00000000100100
00000000100000
00000000100000
00000000100000
00000000100000
00000000010000
00000000101100
00000000100000
00000000100000
00000000100000
00000000100000
00000000100100
00000000110000
00000000100000
00000000000100
00000000000010
00000000100100
00000000100000
00000000100100
00000000100000
00000000000100
00000000100000
00000000100000
00000000100000
00000000100100
00000000100010
00000000000110
00000000100000
00000000010100
00000000010000
00000000010000
00000010000000
00000000010000
00000000010000
00000000010000
00000000010000
00000000010000
00000000010000
00000000010000
00000000010000
00000000010000
00000000010000
00000000010000
00000000010100
00000000010000
00000000010000
00000000010100
00000000010000
00000000001000
00000000000100
00000000000100
00000000000100
00000000000100
00000000000100
00000000000100
00000000000100
00000000000100
00000000000100
00000000000110
00000000000100
00000000000100
00000000000100
00000000000010
00000000000010
00000000000010
00000000000010
00000000000010
00000000000010
